Left Edge, L=5 Weight
0.45 0.565559
0.458333 0.804738
0.466667 0.570632
0.475 0.0409091
0.483333 0.0674083
0.491667 0
0.5 0.0106707
0.508333 0.59153
0.516667 0.769368
0.525 0.946311
0.533333 1.32452
0.541667 1.69449
0.55 2.54339
0.558333 2.92106
0.566667 3.55634
0.575 4.04244
0.583333 4.58167
0.591667 5.33982
0.6 6.03878
0.608333 6.51947
0.616667 7.14764
0.625 7.78237
0.633333 8.24774
0.641667 8.92097
0.65 9.12822
0.658333 9.27822
0.666667 9.72168
0.675 9.75261
0.683333 10.0327
0.691667 9.71846
0.7 9.83401
0.708333 9.5893
0.716667 9.42001
0.725 9.31453
0.733333 8.96023
0.741667 8.65622
0.75 8.27252
0.758333 7.85232
0.766667 7.91386
0.775 7.34588
0.783333 6.77878
0.791667 6.34063
0.8 5.89515
0.808333 5.32344
0.816667 5.02041
0.825 4.3721
0.833333 3.83346
0.841667 3.16849
0.85 2.70765
0.858333 2.1284
0.866667 1.838
0.875 1.28243
0.883333 0.914259
0.891667 0.371477
0.9 0.366227
0.908333 0.501511
0.916667 0.126209
0.925 0.461034
0.933333 0.705076
0.941667 0.252254


Left Edge, L=6 Weight
0.45 5.20698
0.458333 4.34546
0.466667 3.59567
0.475 2.94872
0.483333 2.577
0.491667 2.36608
0.5 2.2518
0.508333 2.56469
0.516667 2.99546
0.525 3.51452
0.533333 4.06986
0.541667 4.71052
0.55 5.63353
0.558333 6.56974
0.566667 7.52147
0.575 8.56492
0.583333 9.49179
0.591667 10.6468
0.6 11.8878
0.608333 13.0821
0.616667 14.2598
0.625 15.2585
0.633333 16.3099
0.641667 17.0873
0.65 17.9245
0.658333 18.4569
0.666667 18.8119
0.675 19.2122
0.683333 19.5265
0.691667 19.6117
0.7 19.6611
0.708333 19.4583
0.716667 19.2517
0.725 18.8852
0.733333 18.4243
0.741667 17.9175
0.75 17.1563
0.758333 16.482
0.766667 15.6177
0.775 14.7288
0.783333 13.6762
0.791667 12.5884
0.8 11.6165
0.808333 10.569
0.816667 9.46014
0.825 8.26369
0.833333 6.94718
0.841667 5.92468
0.85 4.91022
0.858333 3.97493
0.866667 3.00913
0.875 2.06391
0.883333 1.36443
0.891667 0.701995
0.9 0.157549
0.908333 0
0.916667 0.127472
0.925 0.465484
0.933333 0.884711
0.941667 1.59102

Left Edge, L=7 Weight
0.45 5.21947
0.458333 3.2848
0.466667 1.72287
0.475 0.652469
0.483333 0.0403596
0.491667 0.0572931
0.5 0
0.508333 0.484717
0.516667 1.26811
0.525 2.44127
0.533333 3.67779
0.541667 5.19468
0.55 6.84677
0.558333 8.81353
0.566667 10.629
0.575 12.4721
0.583333 14.4867
0.591667 16.7375
0.6 18.6863
0.608333 20.8706
0.616667 22.7355
0.625 24.6431
0.633333 26.2573
0.641667 27.7551
0.65 28.9716
0.658333 30.0745
0.666667 30.8995
0.675 31.2235
0.683333 31.6735
0.691667 31.7626
0.7 31.9554
0.708333 31.642
0.716667 31.2055
0.725 30.5403
0.733333 29.8106
0.741667 29.2078
0.75 27.8501
0.758333 26.7933
0.766667 25.5303
0.775 24.1968
0.783333 22.7533
0.791667 20.9369
0.8 19.3871
0.808333 17.4518
0.816667 15.8884
0.825 13.7995
0.833333 12.0244
0.841667 10.0221
0.85 8.25284
0.858333 6.50438
0.866667 5.03426
0.875 3.61817
0.883333 2.54459
0.891667 1.80864
0.9 1.34136
0.908333 0.87756
0.916667 0.974932
0.925 1.69834
0.933333 2.82824
0.941667 4.70771

Left Edge, L=8 Weight
0.45 9.65139
0.458333 6.22451
0.466667 3.66206
0.475 1.76251
0.483333 0.530494
0.491667 0
0.5 0.142605
0.508333 0.841791
0.516667 2.06578
0.525 3.64151
0.533333 5.63437
0.541667 7.9733
0.55 10.5234
0.558333 13.4177
0.566667 16.3009
0.575 19.3752
0.583333 22.6108
0.591667 25.9036
0.6 28.9987
0.608333 31.911
0.616667 34.644
0.625 37.3956
0.633333 39.7192
0.641667 41.867
0.65 43.7074
0.658333 45.1445
0.666667 46.1745
0.675 47.085
0.683333 47.575
0.691667 47.75
0.7 47.7137
0.708333 47.7552
0.716667 47.5424
0.725 46.8772
0.733333 46.2324
0.741667 45.2129
0.75 43.9064
0.758333 42.6186
0.766667 40.6567
0.775 38.8348
0.783333 36.4107
0.791667 33.9797
0.8 31.1538
0.808333 28.2513
0.816667 25.099
0.825 21.9948
0.833333 18.8825
0.841667 16.0701
0.85 13.184
0.858333 10.514
0.866667 7.95335
0.875 5.53763
0.883333 3.49904
0.891667 1.82684
0.9 0.813574
0.908333 0.277851
0.916667 0.543244
0.925 1.64978
0.933333 3.72551
0.941667 6.88593

Left Edge, L=9 Weight
0.45 15.6679
0.458333 10.0077
0.466667 5.77715
0.475 2.74514
0.483333 0.915461
0.491667 0.00764799
0.5 0.0528711
0.508333 0.958247
0.516667 2.69235
0.525 5.24635
0.533333 8.36024
0.541667 11.9454
0.55 16.0884
0.558333 20.5995
0.566667 25.2818
0.575 30.0408
0.583333 35.0083
0.591667 39.9764
0.6 44.8482
0.608333 49.1293
0.616667 53.0277
0.625 56.8711
0.633333 60.2002
0.641667 63.1183
0.65 65.5546
0.658333 67.4513
0.666667 68.7447
0.675 69.6317
0.683333 70.2041
0.691667 70.5634
0.7 70.8112
0.708333 70.805
0.716667 70.5787
0.725 70.0013
0.733333 69.0921
0.741667 67.7127
0.75 65.9812
0.758333 63.9166
0.766667 61.491
0.775 58.6943
0.783333 55.538
0.791667 52.0291
0.8 48.1421
0.808333 43.7868
0.816667 39.5885
0.825 34.91
0.833333 30.1653
0.841667 25.1071
0.85 20.25
0.858333 15.7941
0.866667 11.5536
0.875 7.72541
0.883333 4.75856
0.891667 2.34055
0.9 0.667151
0.908333 0
0.916667 0.297303
0.925 1.84284
0.933333 4.91591
0.941667 9.91747

Left Edge, L=10 Weight
0.45 23.3084
0.458333 14.7403
0.466667 8.56208
0.475 4.0546
0.483333 1.28052
0.491667 0
0.5 0.0982194
0.508333 1.48573
0.516667 4.01357
0.525 7.68472
0.533333 12.2933
0.541667 17.6942
0.55 23.8197
0.558333 30.6691
0.566667 37.6389
0.575 45.1992
0.583333 52.5046
0.591667 59.5996
0.6 66.2803
0.608333 72.4357
0.616667 78.2006
0.625 83.1085
0.633333 87.5203
0.641667 91.1626
0.65 94.2096
0.658333 96.5163
0.666667 98.1505
0.675 99.181
0.683333 99.7782
0.691667 100.145
0.7 100.357
0.708333 100.438
0.716667 100.402
0.725 100.179
0.733333 99.6611
0.741667 98.4454
0.75 96.4618
0.758333 93.894
0.766667 90.7571
0.775 87.0232
0.783333 82.6993
0.791667 77.952
0.8 72.7674
0.808333 66.9899
0.816667 60.8097
0.825 54.0686
0.833333 47.0199
0.841667 39.8516
0.85 32.8904
0.858333 26.4313
0.866667 20.1741
0.875 14.7133
0.883333 10.2452
0.891667 6.63514
0.9 4.25471
0.908333 3.21025
0.916667 3.70685
0.925 6.06584
0.933333 10.7126
0.941667 18.207
