0.45 0.565559
0.458333 0.804738
0.466667 0.570632
0.475 0.0409091
0.483333 0.0674083
0.491667 0
0.5 0.0106707
0.508333 0.59153
0.516667 0.769368
0.525 0.946311
0.533333 1.32452
0.541667 1.69449
0.55 2.54339
0.558333 2.92106
0.566667 3.55634
0.575 4.04244
0.583333 4.58167
0.591667 5.33982
0.6 6.03878
0.608333 6.51947
0.616667 7.14764
0.625 7.78237
0.633333 8.24774
0.641667 8.92097
0.65 9.12822
0.658333 9.27822
0.666667 9.72168
0.675 9.75261
0.683333 10.0327
0.691667 9.71846
0.7 9.83401
0.708333 9.5893
0.716667 9.42001
0.725 9.31453
0.733333 8.96023
0.741667 8.65622
0.75 8.27252
0.758333 7.85232
0.766667 7.91386
0.775 7.34588
0.783333 6.77878
0.791667 6.34063
0.8 5.89515
0.808333 5.32344
0.816667 5.02041
0.825 4.3721
0.833333 3.83346
0.841667 3.16849
0.85 2.70765
0.858333 2.1284
0.866667 1.838
0.875 1.28243
0.883333 0.914259
0.891667 0.371477
0.9 0.366227
0.908333 0.501511
0.916667 0.126209
0.925 0.461034
0.933333 0.705076
0.941667 0.252254